date,strategy,HSREIT,GOLD,HSI,SPX,000012,000852,000905,399300,H11001
2018-01,equal_weight,0.1111111111111111,0.1111111111111111,0.1111111111111111,0.1111111111111111,0.1111111111111111,0.1111111111111111,0.1111111111111111,0.1111111111111111,0.1111111111111111
2018-01,minimum_variance,0.0,3.2653724026336156e-17,0.0,0.022669036295744485,0.9773309637042554,0.0,1.719363404861965e-17,9.080704887427532e-18,1.6007974418961757e-16
2018-01,max_sharpe,0.0,0.008426701922270356,0.0,0.0570490209863091,0.9345242336942119,1.4860701310145486e-09,1.5662157797708892e-09,1.543939874307741e-09,3.880098271050188e-08
2018-02,equal_weight,0.1111111111111111,0.1111111111111111,0.1111111111111111,0.1111111111111111,0.1111111111111111,0.1111111111111111,0.1111111111111111,0.1111111111111111,0.1111111111111111
2018-02,minimum_variance,0.0,0.0,7.008348785787561e-17,0.015027852068863902,0.9849721479311361,0.0,0.0,5.077027479031565e-18,0.0
2018-02,max_sharpe,0.0,0.008018595149715972,0.0,0.07005401887134217,0.9219273857601403,3.1996365583281434e-11,3.151780495397466e-11,2.4851874123087712e-11,1.3043551481010768e-10
2018-03,equal_weight,0.1111111111111111,0.1111111111111111,0.1111111111111111,0.1111111111111111,0.1111111111111111,0.1111111111111111,0.1111111111111111,0.1111111111111111,0.1111111111111111
2018-03,minimum_variance,0.0,0.0,2.703834800453697e-17,0.023318472235603512,0.9766815277643965,0.0,0.0,1.5893723457943394e-18,8.28476854954966e-17
2018-03,max_sharpe,0.0,0.0025439561919033383,0.0,0.05508299012604264,0.9423730536724855,5.130661613057632e-12,3.508079208841332e-12,9.298292402215059e-13,0.0
2018-04,equal_weight,0.1111111111111111,0.1111111111111111,0.1111111111111111,0.1111111111111111,0.1111111111111111,0.1111111111111111,0.1111111111111111,0.1111111111111111,0.1111111111111111
2018-04,minimum_variance,0.0,1.091523952701604e-17,3.806159104630531e-17,0.02604941856156985,0.9739505814384303,3.1020520318486316e-17,0.0,0.0,0.0
2018-04,max_sharpe,0.0,0.008384951177678436,0.0,0.054960607782284364,0.9366544410400371,0.0,0.0,0.0,0.0
2018-05,equal_weight,0.1111111111111111,0.1111111111111111,0.1111111111111111,0.1111111111111111,0.1111111111111111,0.1111111111111111,0.1111111111111111,0.1111111111111111,0.1111111111111111
2018-05,minimum_variance,1.9610217810848425e-17,0.0012424237532834086,0.0,0.027845616874667054,0.9709119593720494,4.745527383209325e-17,1.6039171922625516e-18,1.1007798236606125e-19,9.734050384343449e-17
2018-05,max_sharpe,1.6355597635955279e-07,0.006516175811258413,6.713956991970079e-08,0.05341637565935138,0.9400595317269064,2.7243145145269768e-08,2.6757384233137318e-08,2.525200416321591e-08,7.606854403955648e-06
2018-06,equal_weight,0.1111111111111111,0.1111111111111111,0.1111111111111111,0.1111111111111111,0.1111111111111111,0.1111111111111111,0.1111111111111111,0.1111111111111111,0.1111111111111111
2018-06,minimum_variance,0.0,0.0016149010120081575,0.0,0.026973643465990696,0.9714114555220014,2.6331421635843e-17,9.438071477849935e-18,2.355266202813081e-17,0.0
2018-06,max_sharpe,2.3835670501839124e-07,0.007842772544369834,3.313569486439472e-08,0.05367992019857997,0.9384759976613951,2.0383581407109718e-08,2.0116705670853224e-08,1.9222456004607348e-08,9.783805119389754e-07
2018-07,equal_weight,0.1111111111111111,0.1111111111111111,0.1111111111111111,0.1111111111111111,0.1111111111111111,0.1111111111111111,0.1111111111111111,0.1111111111111111,0.1111111111111111
2018-07,minimum_variance,4.947390648031086e-18,0.0009036406028074241,3.86988010946567e-17,0.025671031415986482,0.9734253279812062,6.750687682925311e-18,4.394754391730562e-18,0.0,0.0
2018-07,max_sharpe,2.0584769463161577e-08,0.009688886396004057,1.2141019355959816e-09,0.05884475257517788,0.9314663328433591,2.2428164445648125e-09,2.173472742428118e-09,1.970298472672631e-09,0.0
2018-08,equal_weight,0.1111111111111111,0.1111111111111111,0.1111111111111111,0.1111111111111111,0.1111111111111111,0.1111111111111111,0.1111111111111111,0.1111111111111111,0.1111111111111111
2018-08,minimum_variance,3.9974698331972084e-17,2.4583047028289707e-17,0.0,0.022433976426418957,0.977566023573581,0.0,5.647868761999287e-17,2.3876948879494838e-18,0.0
2018-08,max_sharpe,0.0,0.018888453496313136,0.0,0.06130833688751579,0.9198032096159602,2.108249522994446e-13,0.0,0.0,0.0
2018-09,equal_weight,0.1111111111111111,0.1111111111111111,0.1111111111111111,0.1111111111111111,0.1111111111111111,0.1111111111111111,0.1111111111111111,0.1111111111111111,0.1111111111111111
2018-09,minimum_variance,0.0,4.000408194787863e-17,0.0,0.024419717463765124,0.9755802825362349,5.244982888999783e-18,9.168749857757467e-18,5.883279317212394e-18,1.0716842849020457e-16
2018-09,max_sharpe,7.795386079798046e-09,0.004506052086213247,5.568165662442562e-10,0.08605058086781431,0.9094405566026769,2.6057796326497163e-08,2.6019300982798785e-08,2.5218012073956943e-08,2.724795983415056e-06
2018-10,equal_weight,0.1111111111111111,0.1111111111111111,0.1111111111111111,0.1111111111111111,0.1111111111111111,0.1111111111111111,0.1111111111111111,0.1111111111111111,0.1111111111111111
2018-10,minimum_variance,0.0,1.5283008411346906e-17,3.37794879647932e-17,0.024192299501842866,0.975807700498157,1.856143574997185e-17,0.0,0.0,9.911422287915752e-17
2018-10,max_sharpe,0.0,0.007086766560175158,0.0,0.09991849503348,0.8929947356535611,9.374824154799396e-10,9.249851853030857e-10,8.903161253765926e-10,0.0
2018-11,equal_weight,0.1111111111111111,0.1111111111111111,0.1111111111111111,0.1111111111111111,0.1111111111111111,0.1111111111111111,0.1111111111111111,0.1111111111111111,0.1111111111111111
2018-11,minimum_variance,0.0,0.0,5.4658129444246335e-17,0.03955656152815167,0.9604434384718485,4.6001146937571595e-19,0.0,3.8263531445830674e-18,0.0
2018-11,max_sharpe,0.0,0.013098732647830777,0.0,0.07561517721944962,0.9112860901155145,8.949612655872281e-12,6.309946392540622e-12,1.9454376381558852e-12,0.0
2018-12,equal_weight,0.1111111111111111,0.1111111111111111,0.1111111111111111,0.1111111111111111,0.1111111111111111,0.1111111111111111,0.1111111111111111,0.1111111111111111,0.1111111111111111
2018-12,minimum_variance,3.2960585059885965e-17,0.002798428750909273,0.0,0.040021952896132654,0.9571796183529582,5.308626789407781e-17,1.8055668742128085e-17,0.0,0.0
2018-12,max_sharpe,2.631541001731975e-08,0.031465782784761864,9.305315559473352e-09,0.08119220536346063,0.8873416051175992,0.0,0.0,0.0,3.7111345273132927e-07
2019-01,equal_weight,0.1111111111111111,0.1111111111111111,0.1111111111111111,0.1111111111111111,0.1111111111111111,0.1111111111111111,0.1111111111111111,0.1111111111111111,0.1111111111111111
2019-01,minimum_variance,0.0,0.0024485243528218972,1.4984585352482594e-17,0.03573665331366182,0.9618148223335166,0.0,0.0,5.083728976728373e-18,0.0
2019-01,max_sharpe,0.0,0.029897582413848194,2.6180113078905427e-08,0.057106485424362786,0.9129958962048496,3.3668462927619797e-09,3.281505474920494e-09,3.1284744762221224e-09,0.0
2019-02,equal_weight,0.1111111111111111,0.1111111111111111,0.1111111111111111,0.1111111111111111,0.1111111111111111,0.1111111111111111,0.1111111111111111,0.1111111111111111,0.1111111111111111
2019-02,minimum_variance,0.0,0.0,3.882418390399072e-18,0.025223267345889536,0.9747767326541107,0.0,1.3900056716077996e-17,3.282086655185987e-19,0.0
2019-02,max_sharpe,0.0,0.023544853812139103,7.435136175618915e-12,0.062021475705334485,0.9144336704290547,1.7791827199887602e-12,1.128821279699723e-12,4.587638841656665e-13,4.266976737241769e-11
2019-03,equal_weight,0.1111111111111111,0.1111111111111111,0.1111111111111111,0.1111111111111111,0.1111111111111111,0.1111111111111111,0.1111111111111111,0.1111111111111111,0.1111111111111111
2019-03,minimum_variance,0.0,0.0020835562083165596,1.9188928002761102e-17,0.025355530498208823,0.9725609132934746,5.567657116837621e-18,0.0,8.897481802683186e-18,5.0978877038107097e-17
2019-03,max_sharpe,4.265789721364801e-12,0.010390978188090401,0.0,0.06360903482430183,0.925999986981023,1.2775293244708293e-12,8.234382329859658e-13,2.1803321547488986e-13,0.0
2019-04,equal_weight,0.1111111111111111,0.1111111111111111,0.1111111111111111,0.1111111111111111,0.1111111111111111,0.1111111111111111,0.1111111111111111,0.1111111111111111,0.1111111111111111
2019-04,minimum_variance,0.0,2.991475045709522e-17,0.0,0.03138097963160433,0.9686190203683958,1.108011073305902e-17,2.722876494918649e-18,0.0,0.0
2019-04,max_sharpe,0.0018892661634605224,0.0047861983418727265,2.1685717457858396e-12,0.06313779841541513,0.9301867370753851,0.0,0.0,0.0,1.6978591184704714e-12
2019-05,equal_weight,0.1111111111111111,0.1111111111111111,0.1111111111111111,0.1111111111111111,0.1111111111111111,0.1111111111111111,0.1111111111111111,0.1111111111111111,0.1111111111111111
2019-05,minimum_variance,0.0,3.4530386721072032e-18,2.2839948736978256e-17,0.033235728943177306,0.9667642710568227,0.0,1.602973506446118e-17,1.5382539412098916e-17,0.0
2019-05,max_sharpe,1.8245096252264988e-11,2.389924873082209e-12,0.0,0.06787797517587338,0.9321220248034915,0.0,0.0,0.0,0.0
2019-06,equal_weight,0.1111111111111111,0.1111111111111111,0.1111111111111111,0.1111111111111111,0.1111111111111111,0.1111111111111111,0.1111111111111111,0.1111111111111111,0.1111111111111111
2019-06,minimum_variance,5.154126657545255e-18,5.890102558574048e-17,9.97902778944341e-18,0.029577705761410434,0.9704222942385894,3.494380595982857e-18,7.607554937628817e-18,0.0,1.9974070005030777e-17
2019-06,max_sharpe,0.0,0.007792132703985432,2.119352671661804e-11,0.05308963874963247,0.9391182285166573,3.775849979744863e-12,2.455133461754288e-12,5.951913038690257e-13,1.7050246967835116e-12
2019-07,equal_weight,0.1111111111111111,0.1111111111111111,0.1111111111111111,0.1111111111111111,0.1111111111111111,0.1111111111111111,0.1111111111111111,0.1111111111111111,0.1111111111111111
2019-07,minimum_variance,0.0,1.4774154681233417e-17,0.0,0.0251255955364617,0.9748744044635383,7.965077520038189e-18,4.539670992304882e-18,0.0,5.614214906322434e-17
2019-07,max_sharpe,2.9102733200343803e-11,3.788102608607676e-11,0.0,0.05336973623641552,0.9466302636175534,0.0,0.0,0.0,7.904723495478079e-11
2019-08,equal_weight,0.1111111111111111,0.1111111111111111,0.1111111111111111,0.1111111111111111,0.1111111111111111,0.1111111111111111,0.1111111111111111,0.1111111111111111,0.1111111111111111
2019-08,minimum_variance,5.88666433194283e-18,0.0,5.666504525982753e-18,0.026234289263786507,0.973765710736214,5.095314045976004e-18,5.391414067517119e-18,0.0,0.0
2019-08,max_sharpe,0.0,0.0,5.188940568256868e-11,0.052485523191439336,0.9475144767446797,5.307382431967158e-12,3.0693299178822822e-12,3.614839633942023e-12,0.0
2019-09,equal_weight,0.1111111111111111,0.1111111111111111,0.1111111111111111,0.1111111111111111,0.1111111111111111,0.1111111111111111,0.1111111111111111,0.1111111111111111,0.1111111111111111
2019-09,minimum_variance,1.850371707708594e-17,1.4891794486562232e-17,3.577775796394747e-18,0.02738391591158465,0.9726160840884154,1.396665775225382e-17,5.747965165963372e-18,3.3069246926974096e-18,0.0
2019-09,max_sharpe,1.1393164380318848e-11,0.006733574753211221,2.2447782279287326e-11,0.05189164441674702,0.9413747805647927,3.252520190679305e-11,2.6322891069424817e-11,1.9374425217489544e-11,1.5318552306739937e-10
2019-10,equal_weight,0.1111111111111111,0.1111111111111111,0.1111111111111111,0.1111111111111111,0.1111111111111111,0.1111111111111111,0.1111111111111111,0.1111111111111111,0.1111111111111111
2019-10,minimum_variance,2.021356698316126e-18,1.4177358414774786e-17,0.0,0.02768395389239617,0.9723160461076039,2.5407716971558264e-18,6.5658814499959365e-18,0.0,4.271657623882933e-17
2019-10,max_sharpe,2.3015480140919363e-13,9.938202164648264e-05,1.205418654243894e-12,0.05257270805733721,0.9473279098786324,2.6794338244669982e-12,1.6510859059115971e-12,4.603227142854513e-12,3.201461085377392e-11
2019-11,equal_weight,0.1111111111111111,0.1111111111111111,0.1111111111111111,0.1111111111111111,0.1111111111111111,0.1111111111111111,0.1111111111111111,0.1111111111111111,0.1111111111111111
2019-11,minimum_variance,0.0,4.557708713925947e-17,0.0,0.024735167829914195,0.9752648321700859,2.609591335785992e-18,7.538147377082628e-18,0.0,5.87589821972358e-17
2019-11,max_sharpe,0.0,0.003368659437443889,0.0,0.05937354571852786,0.9372577948440282,0.0,0.0,0.0,0.0
2019-12,equal_weight,0.1111111111111111,0.1111111111111111,0.1111111111111111,0.1111111111111111,0.1111111111111111,0.1111111111111111,0.1111111111111111,0.1111111111111111,0.1111111111111111
2019-12,minimum_variance,6.862655541431914e-18,1.5249331364765452e-17,0.006316694308251592,0.01587779414720754,0.9778055115445408,0.0,0.0,5.875993944727042e-18,2.1124705587301902e-16
2019-12,max_sharpe,2.061388250437635e-13,0.01088895402559738,2.620625504874086e-12,0.051451925193821434,0.937659120667034,6.040006035182627e-12,4.50479565546148e-12,3.2874287507254765e-12,9.688819246312877e-11
2020-01,equal_weight,0.1111111111111111,0.1111111111111111,0.1111111111111111,0.1111111111111111,0.1111111111111111,0.1111111111111111,0.1111111111111111,0.1111111111111111,0.1111111111111111
2020-01,minimum_variance,0.0,1.1132761324960913e-17,0.01053310749256139,0.007676000015193471,0.9804805635297396,0.0,0.0,0.001310328962505512,0.0
2020-01,max_sharpe,0.0024569513725828107,0.006650558482182195,2.7221563889076143e-12,0.03965564043380491,0.9512368497087079,0.0,0.0,0.0,0.0
2020-02,equal_weight,0.1111111111111111,0.1111111111111111,0.1111111111111111,0.1111111111111111,0.1111111111111111,0.1111111111111111,0.1111111111111111,0.1111111111111111,0.1111111111111111
2020-02,minimum_variance,0.0,1.767355756262443e-18,0.007885598985242225,0.008520431630586156,0.9809513441391133,0.0,6.223001041000007e-18,0.0026426252450584037,3.135106327961428e-17
2020-02,max_sharpe,1.1771030271115853e-12,0.0038211366416793196,4.130270167850293e-12,0.0358526268098915,0.9603262365141959,6.41691966792159e-12,4.856408503043846e-12,3.575309667436181e-12,1.4077268216104179e-11
2020-03,equal_weight,0.1111111111111111,0.1111111111111111,0.1111111111111111,0.1111111111111111,0.1111111111111111,0.1111111111111111,0.1111111111111111,0.1111111111111111,0.1111111111111111
2020-03,minimum_variance,0.006359943618586564,5.919743861770854e-17,0.0011786829706779702,0.01808572318772869,0.9728979221977119,4.797594613248357e-18,1.9678269430611905e-17,0.001477728025294659,2.371692252312041e-16
2020-03,max_sharpe,4.625478228751258e-12,2.0667704118973463e-11,8.509057964825198e-12,0.02869845254450717,0.971301547384148,1.6295177552288338e-11,1.2326087432041701e-11,8.921357154928655e-12,0.0
2020-04,equal_weight,0.1111111111111111,0.1111111111111111,0.1111111111111111,0.1111111111111111,0.1111111111111111,0.1111111111111111,0.1111111111111111,0.1111111111111111,0.1111111111111111
2020-04,minimum_variance,0.012093222986055183,1.2793585635328952e-17,0.0,0.023754702103741816,0.9641520749102033,1.0191500421363742e-17,0.0,0.0,0.0
2020-04,max_sharpe,0.0,0.0011384836080553485,0.0,0.02979311314795776,0.963291787841957,0.0,0.0,1.134953841953245e-09,0.005776614267076178
2020-05,equal_weight,0.1111111111111111,0.1111111111111111,0.1111111111111111,0.1111111111111111,0.1111111111111111,0.1111111111111111,0.1111111111111111,0.1111111111111111,0.1111111111111111
2020-05,minimum_variance,0.021045477179659506,0.0,4.065758146820642e-18,0.008644240297583861,0.9691711077273775,0.0,4.119968255444917e-18,0.0011391747953791598,1.8857393648141364e-16
2020-05,max_sharpe,1.0276141028874813e-11,2.1373672493176975e-11,1.1110308595879433e-11,0.021409171047725932,0.9479643156676084,1.2921158175752104e-11,1.208178702748546e-11,0.0026151035500481673,0.02801140966685455
2020-06,equal_weight,0.1111111111111111,0.1111111111111111,0.1111111111111111,0.1111111111111111,0.1111111111111111,0.1111111111111111,0.1111111111111111,0.1111111111111111,0.1111111111111111
2020-06,minimum_variance,0.00011796874564494713,0.0,0.0,0.019771532032709132,0.9788370821949848,0.0,0.0,0.0012734170266612598,5.411524093418274e-17
2020-06,max_sharpe,0.0,0.002737400818252661,0.0,0.024056438711012956,0.9732061604707344,0.0,0.0,0.0,0.0
2020-07,equal_weight,0.1111111111111111,0.1111111111111111,0.1111111111111111,0.1111111111111111,0.1111111111111111,0.1111111111111111,0.1111111111111111,0.1111111111111111,0.1111111111111111
2020-07,minimum_variance,0.004263226158775754,0.0,3.63207727782644e-18,0.017277064398853206,0.9743894061839284,0.0,0.0,0.00407030325844249,2.45029690981724e-17
2020-07,max_sharpe,3.1573527868301736e-13,0.013268674064282684,1.8334067192943477e-13,0.026143656458516847,0.9605287807919547,5.950164465020523e-13,1.1328418835194708e-13,5.888868170638849e-05,2.3320095331700678e-12
2020-08,equal_weight,0.1111111111111111,0.1111111111111111,0.1111111111111111,0.1111111111111111,0.1111111111111111,0.1111111111111111,0.1111111111111111,0.1111111111111111,0.1111111111111111
2020-08,minimum_variance,5.039316100082256e-18,3.587032288052271e-18,0.0,0.017016685572372143,0.9755336523009396,0.0,1.0039246928887292e-18,0.007449662126688559,0.0
2020-08,max_sharpe,0.0,0.01744755921810544,0.0,0.02397510867677403,0.9546791859296105,0.0,0.0,0.003898146175510083,0.0
2020-09,equal_weight,0.1111111111111111,0.1111111111111111,0.1111111111111111,0.1111111111111111,0.1111111111111111,0.1111111111111111,0.1111111111111111,0.1111111111111111,0.1111111111111111
2020-09,minimum_variance,1.416121910177824e-17,1.527899687790582e-17,3.1140690563620567e-18,0.019375985235589015,0.9747636810524387,1.9948685656655857e-18,0.0,0.005860333711972353,0.0
2020-09,max_sharpe,1.4115811344851433e-11,0.014764006835552531,4.193241762544002e-11,0.029814937963122613,0.9545787581200237,6.485072727775727e-11,5.803406581029193e-11,0.0008422894471006036,7.455267693338167e-09
2020-10,equal_weight,0.1111111111111111,0.1111111111111111,0.1111111111111111,0.1111111111111111,0.1111111111111111,0.1111111111111111,0.1111111111111111,0.1111111111111111,0.1111111111111111
2020-10,minimum_variance,0.0,0.0,5.637851296924623e-18,0.01803173586215534,0.9762871200450726,6.5789527843515426e-18,7.012633653345744e-18,0.005681144092772026,2.7318691923723567e-16
2020-10,max_sharpe,3.20418297173061e-11,0.007991043493213706,5.350881622081344e-11,0.02538239839986955,0.9654192501156548,5.929777471972456e-11,5.3370716806809434e-11,0.0012073070417340768,7.513088025724033e-10
2020-11,equal_weight,0.1111111111111111,0.1111111111111111,0.1111111111111111,0.1111111111111111,0.1111111111111111,0.1111111111111111,0.1111111111111111,0.1111111111111111,0.1111111111111111
2020-11,minimum_variance,0.0,6.2626213977536585e-18,0.0,0.014564698255321772,0.9777998088762841,0.0,0.0,0.0076354928683939624,1.8813101646501008e-16
2020-11,max_sharpe,3.4238438247012797e-11,0.005705122432519592,4.608309162376042e-11,0.020059502669844267,0.9698743193776621,6.62641610902096e-11,6.127670105531785e-11,0.004361054242217911,1.0698935123058208e-09
2020-12,equal_weight,0.1111111111111111,0.1111111111111111,0.1111111111111111,0.1111111111111111,0.1111111111111111,0.1111111111111111,0.1111111111111111,0.1111111111111111,0.1111111111111111
2020-12,minimum_variance,0.0,0.0,4.932544552612777e-18,0.014085383536395579,0.977639415905327,0.0,0.0,0.00827520055827714,2.370132476450776e-16
2020-12,max_sharpe,0.0,0.0,0.0,0.02043211841653886,0.9731223112875623,0.0,0.0,0.006445570295898898,0.0
2021-01,equal_weight,0.1111111111111111,0.1111111111111111,0.1111111111111111,0.1111111111111111,0.1111111111111111,0.1111111111111111,0.1111111111111111,0.1111111111111111,0.1111111111111111
2021-01,minimum_variance,1.1201683477254241e-17,0.0,7.45638744196305e-18,0.014382892756897293,0.9775391934229698,0.0,6.339599628888351e-18,0.00807791382013341,0.0
2021-01,max_sharpe,3.5179687042239465e-13,0.0,0.0,0.019708989746481415,0.973034246232619,1.1127010835000974e-12,1.4116160420573004e-12,0.007256764018023483,0.0
2021-02,equal_weight,0.1111111111111111,0.1111111111111111,0.1111111111111111,0.1111111111111111,0.1111111111111111,0.1111111111111111,0.1111111111111111,0.1111111111111111,0.1111111111111111
2021-02,minimum_variance,0.0,0.0,0.0,0.014145816932248968,0.9775563174551444,0.0,0.0,0.008297865612606616,1.3335471438928792e-16
2021-02,max_sharpe,0.0,1.3693846084173065e-12,0.0,0.01749786345527209,0.9743197101606779,0.0,0.0,0.008182426381365057,1.3156597648630706e-12
2021-03,equal_weight,0.1111111111111111,0.1111111111111111,0.1111111111111111,0.1111111111111111,0.1111111111111111,0.1111111111111111,0.1111111111111111,0.1111111111111111,0.1111111111111111
2021-03,minimum_variance,0.0003757858356676749,4.217715857558063e-17,1.4472404936786976e-17,0.015176609811619682,0.9772373756636789,0.0,2.032879073410321e-18,0.007210228689033414,2.543639940604664e-16
2021-03,max_sharpe,0.0,1.1293648255510391e-11,0.0,0.02035151751539551,0.971559602711055,0.0,0.0,0.008088879762255712,0.0
2021-04,equal_weight,0.1111111111111111,0.1111111111111111,0.1111111111111111,0.1111111111111111,0.1111111111111111,0.1111111111111111,0.1111111111111111,0.1111111111111111,0.1111111111111111
2021-04,minimum_variance,0.0011474983122739756,0.0,0.0,0.013858287306438366,0.977218194740078,0.0,0.0,0.007776019641209617,1.3026689102413336e-16
2021-04,max_sharpe,2.5411229214946018e-11,5.842841063008694e-11,1.868520316884591e-11,0.023017893904116182,0.9709535283018723,0.0,0.0,0.006028577008387284,6.830994992159423e-10
2021-05,equal_weight,0.1111111111111111,0.1111111111111111,0.1111111111111111,0.1111111111111111,0.1111111111111111,0.1111111111111111,0.1111111111111111,0.1111111111111111,0.1111111111111111
2021-05,minimum_variance,0.0009873725472711917,2.310680099467011e-18,1.3552527156068805e-18,0.014090582445575846,0.9780967302356862,2.6020852139652106e-18,0.0,0.006825314771466369,5.058887336817364e-16
2021-05,max_sharpe,5.412565009385049e-12,3.910080885652062e-12,6.3024722567757005e-12,0.023783122786484322,0.9700977395622391,4.732890644493744e-12,3.986111893804481e-12,0.006119137554785146,7.214724648703508e-11
2021-06,equal_weight,0.1111111111111111,0.1111111111111111,0.1111111111111111,0.1111111111111111,0.1111111111111111,0.1111111111111111,0.1111111111111111,0.1111111111111111,0.1111111111111111
2021-06,minimum_variance,0.0009357619067775184,0.0,0.0,0.014255100258355568,0.9782009926845427,0.0,1.7293024651143796e-17,0.006608145150324016,2.803569593351388e-16
2021-06,max_sharpe,3.496203220716587e-11,0.0,4.6534185724857584e-12,0.022701637306348846,0.9698390381821342,0.0,0.0,0.007459324471901532,0.0
2021-07,equal_weight,0.1111111111111111,0.1111111111111111,0.1111111111111111,0.1111111111111111,0.1111111111111111,0.1111111111111111,0.1111111111111111,0.1111111111111111,0.1111111111111111
2021-07,minimum_variance,0.0015099677430505595,0.0,0.0,0.015324270538625022,0.9783357911688327,2.7143901989306015e-18,9.557065796401277e-18,0.004829970549491687,1.338441846223406e-16
2021-07,max_sharpe,0.0,0.0,0.0,0.02341969645093247,0.9681673708948777,0.0,0.0,0.008412932654189626,0.0
2021-08,equal_weight,0.1111111111111111,0.1111111111111111,0.1111111111111111,0.1111111111111111,0.1111111111111111,0.1111111111111111,0.1111111111111111,0.1111111111111111,0.1111111111111111
2021-08,minimum_variance,0.0016917388030613773,3.337987438539747e-17,1.0476103491641187e-17,0.013350980468386063,0.9764926379396622,0.0,0.0,0.008464642788890406,0.0
2021-08,max_sharpe,0.0,0.0,0.0,0.023313014745741625,0.9680836036126859,5.89752667717735e-11,3.7838887938977955e-11,0.008603381544758308,0.0
2021-09,equal_weight,0.1111111111111111,0.1111111111111111,0.1111111111111111,0.1111111111111111,0.1111111111111111,0.1111111111111111,0.1111111111111111,0.1111111111111111,0.1111111111111111
2021-09,minimum_variance,0.0013930406970741075,0.0,1.2197274440461925e-17,0.010856057464227424,0.9761265734203213,1.1396001374412723e-18,1.929879867024198e-17,0.011624328418376994,1.872959252968709e-16
2021-09,max_sharpe,7.628721428245473e-13,6.676867252557083e-13,8.100859971734247e-13,0.018636004913841393,0.9674594584129215,0.0,2.990308734991514e-12,0.01390453666800617,0.0
2021-10,equal_weight,0.1111111111111111,0.1111111111111111,0.1111111111111111,0.1111111111111111,0.1111111111111111,0.1111111111111111,0.1111111111111111,0.1111111111111111,0.1111111111111111
2021-10,minimum_variance,0.0001785953479399337,0.0,0.0,0.010511725248924741,0.9768721984486582,2.3714013185674164e-18,1.5548615574142708e-18,0.01243748095447701,1.8159679669399933e-16
2021-10,max_sharpe,2.827942177141896e-12,9.97126062190676e-13,4.762731144755162e-12,0.015610437882234644,0.9693760096338944,1.2340155939480547e-12,4.3551894199818816e-12,0.01501355244062528,2.90687723426409e-11
2021-11,equal_weight,0.1111111111111111,0.1111111111111111,0.1111111111111111,0.1111111111111111,0.1111111111111111,0.1111111111111111,0.1111111111111111,0.1111111111111111,0.1111111111111111
2021-11,minimum_variance,0.0,5.665016765828091e-17,0.0006110836506051768,0.012491326476726627,0.9747420589006458,0.0,0.0,0.012155530972022419,0.0
2021-11,max_sharpe,0.0,1.3040638472887153e-11,0.0,0.021248842653950595,0.9620594561843726,0.0,0.0,0.016691701148636284,0.0
2021-12,equal_weight,0.1111111111111111,0.1111111111111111,0.1111111111111111,0.1111111111111111,0.1111111111111111,0.1111111111111111,0.1111111111111111,0.1111111111111111,0.1111111111111111
2021-12,minimum_variance,0.0,3.8609978911884714e-17,0.006333182713675147,0.011382728032341138,0.9737990886882597,0.0,0.0,0.008485000565724004,0.0
2021-12,max_sharpe,2.2139848228702567e-13,0.0,2.8422407454923817e-13,0.02091467784131892,0.9626507620463033,0.0014410692152042278,1.6841710072213367e-13,0.014993490896499609,0.0
2022-01,equal_weight,0.1111111111111111,0.1111111111111111,0.1111111111111111,0.1111111111111111,0.1111111111111111,0.1111111111111111,0.1111111111111111,0.1111111111111111,0.1111111111111111
2022-01,minimum_variance,0.0,2.893222985504444e-17,0.00973743041889769,0.007756997303931177,0.9760805202893135,0.0,0.0,0.006425051987857689,0.0
2022-01,max_sharpe,1.0787412106691775e-12,0.0,8.36449943284094e-13,0.024930054230204297,0.9584303185685304,0.001529402834666444,0.0,0.015110224350719246,1.3964432862751274e-11
2022-02,equal_weight,0.1111111111111111,0.1111111111111111,0.1111111111111111,0.1111111111111111,0.1111111111111111,0.1111111111111111,0.1111111111111111,0.1111111111111111,0.1111111111111111
2022-02,minimum_variance,0.0026431323065011633,0.0,0.009283043144524526,0.00932614819189809,0.9705241783858872,0.0,4.892462303340839e-18,0.008223497971188702,2.858973366208495e-16
2022-02,max_sharpe,2.8049598572681542e-12,0.0,5.275195874588832e-12,0.023849855094448084,0.9621023851991386,0.0,0.0,0.014047759698333077,0.0
2022-03,equal_weight,0.1111111111111111,0.1111111111111111,0.1111111111111111,0.1111111111111111,0.1111111111111111,0.1111111111111111,0.1111111111111111,0.1111111111111111,0.1111111111111111
2022-03,minimum_variance,0.003031553276525149,1.49890950346121e-17,0.006494635720795377,0.007039417927969385,0.9698785341499263,0.0,0.0,0.013555858924783932,0.0
2022-03,max_sharpe,1.3770739363936768e-15,1.2967451008123122e-14,1.1223118705362989e-14,0.02181406834858546,0.9641860970231082,0.0,3.787858978798903e-15,0.013999834628277072,0.0
2022-04,equal_weight,0.1111111111111111,0.1111111111111111,0.1111111111111111,0.1111111111111111,0.1111111111111111,0.1111111111111111,0.1111111111111111,0.1111111111111111,0.1111111111111111
2022-04,minimum_variance,0.005242854037333812,2.932187145448862e-17,0.0050855981318770945,0.008697042231802862,0.9699664570150552,1.8905775382715984e-18,1.2041420378167134e-17,0.011008048583930737,2.6741168957997163e-16
2022-04,max_sharpe,0.0,4.170082611533719e-15,0.0,0.028426794020243087,0.9671908823988512,0.0,0.0,0.004382323580808236,9.344776346014142e-14
2022-05,equal_weight,0.1111111111111111,0.1111111111111111,0.1111111111111111,0.1111111111111111,0.1111111111111111,0.1111111111111111,0.1111111111111111,0.1111111111111111,0.1111111111111111
2022-05,minimum_variance,0.00844974472880727,0.0,0.0021362709893552496,0.006099395379733158,0.9706810295952295,0.0,0.0,0.012633559306874837,0.0
2022-05,max_sharpe,3.176557201676655e-12,4.00717412850967e-12,1.8945635356958617e-12,0.02098352403197175,0.9736000805873485,2.2392878914321273e-12,1.7410143278894083e-12,0.005416395298861357,6.875985438386201e-11
2022-06,equal_weight,0.1111111111111111,0.1111111111111111,0.1111111111111111,0.1111111111111111,0.1111111111111111,0.1111111111111111,0.1111111111111111,0.1111111111111111,0.1111111111111111
2022-06,minimum_variance,0.002877583814650857,7.599579602765583e-18,0.0068650655860806225,0.009590368384207647,0.9694457081653239,0.0,0.0,0.01122127404973701,0.0
2022-06,max_sharpe,0.0,0.0,0.0,0.02223983863898353,0.968048250103981,2.816347787293609e-12,1.0342208464943533e-11,0.0097119112438769,0.0
2022-07,equal_weight,0.1111111111111111,0.1111111111111111,0.1111111111111111,0.1111111111111111,0.1111111111111111,0.1111111111111111,0.1111111111111111,0.1111111111111111,0.1111111111111111
2022-07,minimum_variance,0.001132359776458956,0.0,0.01035327208734543,0.008655733661038197,0.9671716765099253,0.0,1.703213850338947e-17,0.012686957965232627,0.0
2022-07,max_sharpe,2.393328749622272e-13,2.5825585328519864e-14,0.0,0.015028775376527158,0.9668748883408033,1.0274440012392555e-12,0.0,0.018096336281377065,0.0
2022-08,equal_weight,0.1111111111111111,0.1111111111111111,0.1111111111111111,0.1111111111111111,0.1111111111111111,0.1111111111111111,0.1111111111111111,0.1111111111111111,0.1111111111111111
2022-08,minimum_variance,0.0017546225433739979,1.6479873021779667e-17,0.008677738441862511,0.009634280481023102,0.9674813254078094,2.168404344971009e-18,7.823196300840718e-18,0.012452033125930972,0.0
2022-08,max_sharpe,8.858694273823286e-12,0.0,0.0,0.017592656890863003,0.9671743269539835,0.0,0.0,0.015233016146294685,0.0
2022-09,equal_weight,0.1111111111111111,0.1111111111111111,0.1111111111111111,0.1111111111111111,0.1111111111111111,0.1111111111111111,0.1111111111111111,0.1111111111111111,0.1111111111111111
2022-09,minimum_variance,0.00469592710398674,0.0,0.004073855619224571,0.00964318125208395,0.9664555166733476,0.0,0.0,0.015131519351356919,2.6216828919578953e-16
2022-09,max_sharpe,5.9566626458022035e-12,9.951414418860817e-12,3.4693287961065237e-12,0.017504046037289375,0.9672837913136743,0.0,9.634757757400358e-12,0.015212162371419667,2.4860446526090924e-10
2022-10,equal_weight,0.1111111111111111,0.1111111111111111,0.1111111111111111,0.1111111111111111,0.1111111111111111,0.1111111111111111,0.1111111111111111,0.1111111111111111,0.1111111111111111
2022-10,minimum_variance,0.0006153437024112215,5.2583805365546965e-18,0.0010833448994951984,0.009114215369876454,0.9736167072480942,6.8575787409708155e-18,0.0,0.015570388780123018,0.0
2022-10,max_sharpe,5.849871325987228e-10,0.0,3.0966824023402914e-10,0.012966126172851908,0.9752678423017143,1.6363125994672817e-09,2.1153934394664686e-09,0.011766026879072477,0.0
2022-11,equal_weight,0.1111111111111111,0.1111111111111111,0.1111111111111111,0.1111111111111111,0.1111111111111111,0.1111111111111111,0.1111111111111111,0.1111111111111111,0.1111111111111111
2022-11,minimum_variance,3.0780618981838082e-18,5.2041636539879104e-17,1.1404252588786222e-17,0.01022346486416689,0.9737484149523639,0.0,0.0,0.01602812018346933,0.0
2022-11,max_sharpe,0.0,0.0,0.0,0.014388503141876997,0.9767780795034455,0.0,0.0,0.008833417354677544,0.0
2022-12,equal_weight,0.1111111111111111,0.1111111111111111,0.1111111111111111,0.1111111111111111,0.1111111111111111,0.1111111111111111,0.1111111111111111,0.1111111111111111,0.1111111111111111
2022-12,minimum_variance,0.0,0.0,0.006420030741314272,0.00943927076538066,0.9711877152153148,0.0,5.49215009373954e-18,0.012952983277990026,3.9877362311782305e-16
2022-12,max_sharpe,0.0,0.0,9.274078154458046e-12,0.015378892912785455,0.9705370336114454,4.142487947469283e-12,0.0,0.014084073462352529,0.0
2023-01,equal_weight,0.1111111111111111,0.1111111111111111,0.1111111111111111,0.1111111111111111,0.1111111111111111,0.1111111111111111,0.1111111111111111,0.1111111111111111,0.1111111111111111
2023-01,minimum_variance,1.1609251590007825e-18,0.0,0.007945844741916987,0.008582241530398443,0.9701726755685968,0.0,5.854849288114026e-18,0.01329923815908764,2.630889819445214e-16
2023-01,max_sharpe,0.0,0.0,0.0,0.012389710465092315,0.9726551465262873,0.0,0.0,0.014955143008620534,0.0
2023-02,equal_weight,0.1111111111111111,0.1111111111111111,0.1111111111111111,0.1111111111111111,0.1111111111111111,0.1111111111111111,0.1111111111111111,0.1111111111111111,0.1111111111111111
2023-02,minimum_variance,2.9138104963929375e-18,1.772513779960496e-17,0.007037734486130647,0.008328250197322841,0.9714349406007105,0.0,2.126911883575471e-18,0.013199074715835651,3.84519034476695e-16
2023-02,max_sharpe,4.693146763494494e-12,1.8433536234108244e-11,0.0,0.0129800184579375,0.9706570796546118,0.0,3.4520923549771193e-12,0.01636290161693911,2.439327858195197e-10
2023-03,equal_weight,0.1111111111111111,0.1111111111111111,0.1111111111111111,0.1111111111111111,0.1111111111111111,0.1111111111111111,0.1111111111111111,0.1111111111111111,0.1111111111111111
2023-03,minimum_variance,0.0,0.0,0.006107971615132539,0.005249697819280919,0.9748169822820635,1.3186758993833967e-18,0.0,0.013825348283523031,1.5602817645403555e-16
2023-03,max_sharpe,0.0,0.0,0.0,0.01294383821175218,0.9718479256647475,4.5349257178670703e-17,1.2021810433422377e-08,0.0152082241016895,2.5120391793018134e-16
2023-04,equal_weight,0.1111111111111111,0.1111111111111111,0.1111111111111111,0.1111111111111111,0.1111111111111111,0.1111111111111111,0.1111111111111111,0.1111111111111111,0.1111111111111111
2023-04,minimum_variance,0.0,0.0,0.005100076771576319,0.0,0.9824919239049739,6.42602156995496e-18,3.331800280432691e-18,0.012407999323449518,4.0044143278329656e-16
2023-04,max_sharpe,1.3563658299429456e-12,9.142947475545397e-13,1.8279694744042623e-13,0.012120487176753274,0.97351056882006,7.808728175089698e-13,5.693384737247122e-13,0.014368943999383063,0.0
2023-05,equal_weight,0.1111111111111111,0.1111111111111111,0.1111111111111111,0.1111111111111111,0.1111111111111111,0.1111111111111111,0.1111111111111111,0.1111111111111111,0.1111111111111111
2023-05,minimum_variance,5.767455368945902e-18,1.6249802190159642e-17,0.003674067265792408,0.0049106865831624906,0.975602862787074,1.5843436620175956e-17,0.0,0.01581238336397085,3.0412369890828733e-16
2023-05,max_sharpe,8.748526800208525e-11,4.7728809324462e-10,0.0,0.013894680624987978,0.969946029433596,5.5482745659800893e-11,1.9490907792636438e-11,0.016159285238606397,4.063062669897317e-09
2023-06,equal_weight,0.1111111111111111,0.1111111111111111,0.1111111111111111,0.1111111111111111,0.1111111111111111,0.1111111111111111,0.1111111111111111,0.1111111111111111,0.1111111111111111
2023-06,minimum_variance,0.0,0.0,0.006087327860751863,0.002989683419472032,0.9759633921400428,2.9742123516293816e-18,0.0,0.014959596579733416,0.0
2023-06,max_sharpe,8.575975291265871e-11,0.0,6.203746290638849e-11,0.010639815904093422,0.9722464051041686,2.70190402535688e-09,4.7581627723746143e-11,0.017113769281545437,6.8129095669063835e-09
2023-07,equal_weight,0.1111111111111111,0.1111111111111111,0.1111111111111111,0.1111111111111111,0.1111111111111111,0.1111111111111111,0.1111111111111111,0.1111111111111111,0.1111111111111111
2023-07,minimum_variance,0.0013041458306637418,0.0,0.004824329469820612,0.001644123919302073,0.9788541070710182,5.9125405932917424e-18,0.0,0.013373293709195346,1.4438295019796825e-16
2023-07,max_sharpe,7.210513908276976e-12,0.0,0.0009450800681108927,0.009806792759132588,0.9763412226005388,0.0,0.0,0.012906904565007218,0.0
2023-08,equal_weight,0.1111111111111111,0.1111111111111111,0.1111111111111111,0.1111111111111111,0.1111111111111111,0.1111111111111111,0.1111111111111111,0.1111111111111111,0.1111111111111111
2023-08,minimum_variance,0.002242588876682341,2.2187005097738063e-17,0.004873114777847796,0.0009551952908743761,0.980204625191853,6.002576053642485e-18,2.85569549758704e-18,0.011724475862742298,1.9090880300123428e-16
2023-08,max_sharpe,1.9273367319987266e-13,8.381740900608326e-14,0.004945348499290289,0.008162387008211496,0.9807351139109223,8.756124811118679e-14,7.881486418187904e-14,0.006157150579646278,1.4867881071409392e-12
2023-09,equal_weight,0.1111111111111111,0.1111111111111111,0.1111111111111111,0.1111111111111111,0.1111111111111111,0.1111111111111111,0.1111111111111111,0.1111111111111111,0.1111111111111111
2023-09,minimum_variance,0.002389406040787298,4.8367820941051925e-18,0.0053357092696563555,0.0,0.9815576713400692,2.956619948465369e-18,0.0,0.01071721334948712,7.436642597106299e-17
2023-09,max_sharpe,0.0,0.0,0.0062573858617504564,0.004696780474136748,0.9852171485499767,0.0,0.0,0.00382868511413603,0.0
2023-10,equal_weight,0.1111111111111111,0.1111111111111111,0.1111111111111111,0.1111111111111111,0.1111111111111111,0.1111111111111111,0.1111111111111111,0.1111111111111111,0.1111111111111111
2023-10,minimum_variance,0.0010643986767553673,0.0,0.006388122704204177,0.0,0.9815919668152745,9.196796188464407e-18,0.0,0.010955511803766076,0.0
2023-10,max_sharpe,2.895665093838417e-11,0.0,0.00658275819361741,0.0035553983775989816,0.9861306627196401,1.1956896703390769e-11,1.1206042543654836e-11,0.0037311802282061885,4.288177813034342e-10
2023-11,equal_weight,0.1111111111111111,0.1111111111111111,0.1111111111111111,0.1111111111111111,0.1111111111111111,0.1111111111111111,0.1111111111111111,0.1111111111111111,0.1111111111111111
2023-11,minimum_variance,0.001097209561638412,0.0,0.006377140888981345,5.769649623517392e-17,0.983123406286977,0.0,0.0,0.009402243262404714,0.0
2023-11,max_sharpe,4.033809234118277e-09,5.847310693807171e-17,0.00636502887858261,0.004431776797367697,0.9876792666371468,5.050115303169533e-10,5.074300338013868e-10,0.0015239226406520453,0.0
2023-12,equal_weight,0.1111111111111111,0.1111111111111111,0.1111111111111111,0.1111111111111111,0.1111111111111111,0.1111111111111111,0.1111111111111111,0.1111111111111111,0.1111111111111111
2023-12,minimum_variance,0.0013123601739465079,5.775917667327074e-18,0.006156732666402865,1.6644197413547002e-17,0.9839211531302464,0.0,0.0,0.00860975402940436,0.0
2023-12,max_sharpe,1.288955417533715e-14,0.002485241853706905,0.0057714466627267254,0.0032021775154153467,0.9885411339681381,0.0,0.0,0.0,0.0
2024-01,equal_weight,0.1111111111111111,0.1111111111111111,0.1111111111111111,0.1111111111111111,0.1111111111111111,0.1111111111111111,0.1111111111111111,0.1111111111111111,0.1111111111111111
2024-01,minimum_variance,0.0006790629682100215,0.0,0.006303258763435333,5.149960319306146e-18,0.9831671613487412,7.939730967016388e-19,0.0,0.009850516919613904,0.0
2024-01,max_sharpe,3.464614593049352e-14,0.0008336588474301813,0.005743776063305504,0.0033745251780768143,0.9900480399110692,0.0,0.0,8.372152920538509e-14,0.0
2024-02,equal_weight,0.1111111111111111,0.1111111111111111,0.1111111111111111,0.1111111111111111,0.1111111111111111,0.1111111111111111,0.1111111111111111,0.1111111111111111,0.1111111111111111
2024-02,minimum_variance,0.00048826915744664556,4.9123968970432465e-18,0.009640574102348198,0.0,0.9783755749041266,0.006804774020576599,5.849428363572754e-19,0.00469080781550184,1.7235298437989164e-16
2024-02,max_sharpe,3.245038522298279e-12,0.005311091337580904,0.00499544519554224,0.0023726299656661506,0.9826011518684167,0.004719681539847719,9.170033360125161e-13,1.9345555106939747e-12,8.68495943826893e-11
2024-03,equal_weight,0.1111111111111111,0.1111111111111111,0.1111111111111111,0.1111111111111111,0.1111111111111111,0.1111111111111111,0.1111111111111111,0.1111111111111111,0.1111111111111111
2024-03,minimum_variance,0.0015912504762886982,0.001788997395956181,0.009309020803928331,9.0801931945661e-18,0.9819713691064508,0.005339362217376038,0.0,0.0,0.0
2024-03,max_sharpe,0.0,0.015889019274228953,0.0033289336590602093,0.0009074999435603691,0.9753840510356743,0.0044904960453319865,2.8603558435269096e-12,2.005001680792681e-12,3.727906690212635e-11
2024-04,equal_weight,0.1111111111111111,0.1111111111111111,0.1111111111111111,0.1111111111111111,0.1111111111111111,0.1111111111111111,0.1111111111111111,0.1111111111111111,0.1111111111111111
